((("c_str" .
   [1 0 0 0 0])
  ("strcmp" .
   [1 0 0 0 0 0])
  ("getString" .
   [1 0 0 0 0 0 0 1 0])
  ("res" .
   [3 0 0])
  ("size_t" .
   [0 0 0 0 0 1])
  ("cur_sym" .
   [0 0 0 0 1 1 0])
  ("if" .
   [2 0])
  ("endl" .
   [1 0 0 0])
  ("cout" .
   [2 0 0 0])
  ("query" .
   [2 0 0 0 0])
  ("at" .
   [1 0])
  ("size" .
   [2 0 0 0])
  ("stock_num" .
   [3 0 0 0 0 0 0 0 0])
  ("for" .
   [2 0 0])
  ("while" .
   [1 0 0 0 0])
  ("push_back" .
   [1 0 0 0 0 0 0 0 0])
  ("line" .
   [1 0 0 0])
  ("stocks" .
   [4 0 0 0 0 0])
  ("string" .
   [4 0 0 0 0 0])
  ("vect" .
   [0 0 0 1])
  ("std" .
   [1 0 0])
  ("int" .
   [3 0 0])
  ("argv" .
   [3 0 0 0])
  ("printf" .
   [2 0 0 0 0 0])
  ("return" .
   [1 0 0 0 0 0])
  ("include" .
   [2 0 0 0 0 0 0])
  ("atoi" .
   [1 0 0 0])
  ("argc" .
   [1 0 0 0])
  ("num" .
   [7 0 0])
  ("cur" .
   [2 0 0])
  ("else" .
   [1 0 0 0])
  ("import" .
   [3 0 0 0 0 0])
  ("pygame" .
   [3 0 0 0 0 0])
  ("random" .
   [1 0 0 0 0 0])
  ("sys" .
   [1 0 0])
  ("from" .
   [2 0 0 0])
  ("locals" .
   [1 0 0 0 0 0])
  ("button" .
   [2 0 0 0 0 0])
  ("def" .
   [3 0 0])
  ("class" .
   [1 0 0 0 0])
  ("sprite" .
   [1 0 0 0 0 0])
  ("Sprite" .
   [1 0 0 0 0 0])
  ("__init__" .
   [1 0 0 0 0 0 0 0])
  ("self" .
   [2 0 0 0])
  ("xpos" .
   [1 0 0 0])
  ("ypos" .
   [1 0 0 0])
  ("width" .
   [3 0 0 0 0])
  ("height" .
   [1 0 0 0 0 0])
  ("text" .
   [2 0 0 0])
  ("actions" .
   [1 0 0 0 0 0 0])
  ("length" .
   [1 0 0 0 0 0])
  ("print" .
   [1 0 0 0 0])
  ("goals" .
   [3 0 0 0 0])
  ("astar" .
   [1 0 0 0 0])
  ("input" .
   [1 0 0 0 0])))
